"""
Measurements:
Blake 
D1-D8 [1.7, 0.8, 1.65, 1.4, 6.0, 3.2, 0.45, 0.7, 1.5, 0.9, 1.6, 1.4, 5.8, 3.2, 0.4, 1.2] 
X1-17 [13, 24, 19.5, 2, 0.5, 11.5, 2, 12, 32, 12.5, 21, 45, 2, 171.5, 87.5, 57.5, 108.5]
Theta1-4 [0.3, 0.50, 0.50, 0.45]
 
Jon 
D1-D8 [LEFT: 1.72, 0.74, 1.53, 1.29, 6.01, 2.73, 0.69, 0.52, RIGHT:1.78, 0.83, 1.57, 1.37, 6.1, 2.65, 0.63, 0.98]
Theta 1-4  [0.11, 0.66, 0.19, 0.51]
X1-X17 [15.95, 22.5, 18.49, 2.12, 0.53, 10.92, 5.21, 9.76, 30.02, 11.74, 21.22, 43.44, 3.87, 170.95, 85.89, 56.88, 98.24]

Sam 
D1-D8 [LEFT: 1.89, 0.78, 1.3, 2.0, 6.55, 3.06, 0.45, 0.95, RIGHT: 2.06, 0.65, 1.17, 1.72, 6.31, 2.92, 0.31, 0.90]
X1-17 [[14, 21.5, 20.5, 3.0, 1.2, 11, 4.8, 11, 34.9, 13.1, 27.6, 49, 0.34, 177, 90, 59, 121]]
Theta 1-4[0.43, 0.30, 0.43, 0.23]

Dean 
D1-D8 [LEFT: 2.01, 0.51, 1.46, 1.62, 6.16, 2.61, 0.61, 0.66, RIGHT: 2.31, 0.65, 1.73, 1.29, 6.61, 2.93, 0.62, 0.82]
Theta 1-4 [0.57, 0.51, 0.46, 0.53]
X1-X17 [14.33, 23.12, 19.61, 2.45, 0.87, 11.19, 5.76, 11.01, 32.12, 13.98, 22.35, 44.17, 7.03, 175.29, 88.92, 59.57, 99.32]
"""